80 124 77 33 512 141 55 30 86 384 55 31 480 384 70 33 54 10 151 167 459 12 159 176 55 258 151 178 424 262 168 169 165 110 88 97 38 306 83 66 528 32 184 114 545 312 135 81 
93 123 63 37 513 140 66 33 94 383 58 28 492 380 53 33 49 10 158 170 455 10 157 184 65 257 145 181 423 252 159 182 49 13 34 137 34 327 60 108 573 96 98 85 532 349 134 128 
256 100 52 33 539 108 68 26 214 321 55 28 560 334 47 22 212 9 125 149 517 12 122 151 173 241 130 140 529 241 136 150 20 7 253 219 74 318 281 43 486 116 128 115 467 359 142 69 
203 146 61 22 499 152 55 25 180 364 48 23 511 374 63 24 171 35 129 158 469 41 133 157 133 263 127 148 488 258 137 163 97 44 140 129 48 344 197 54 373 94 135 36 508 315 48 105 
210 144 56 30 496 148 63 26 186 365 56 28 508 383 55 26 168 35 150 161 472 40 139 154 143 262 130 153 491 275 132 159 81 10 141 57 3 294 169 129 523 8 106 68 391 325 144 27 
250 140 55 25 536 138 60 25 224 360 44 26 549 374 71 19 208 41 128 155 508 42 136 152 161 264 140 147 527 267 137 155 81 86 205 112 31 315 142 108 593 65 118 49 506 330 140 76 
211 141 66 19 505 144 67 16 176 351 59 26 517 363 66 21 133 22 159 165 449 29 150 159 106 241 142 168 478 241 144 174 92 89 100 67 93 388 101 34 461 120 129 26 509 357 203 53 
187 130 64 25 475 136 67 26 156 346 58 30 498 356 59 27 128 12 152 171 435 15 146 169 92 241 148 162 463 241 147 171 84 92 24 79 201 343 67 130 380 43 49 109 481 336 121 124 
277 102 58 34 565 107 55 26 256 344 49 30 568 349 51 29 242 8 118 150 527 1 144 165 210 244 125 153 534 241 132 166 50 93 90 58 46 406 81 48 501 61 215 50 487 341 221 52 
253 67 47 28 531 69 55 22 221 322 60 25 536 309 46 23 196 1 137 136 487 1 144 121 165 241 137 144 499 241 148 137 91 68 86 83 82 318 131 102 467 67 222 92 410 327 129 79 
135 112 63 33 544 126 63 33 142 376 63 30 519 373 48 29 84 13 154 164 485 21 154 170 101 268 164 172 432 268 163 166 105 74 113 69 212 342 104 126 530 166 55 68 531 318 32 118 
123 129 63 28 540 137 65 37 128 389 62 27 511 388 57 31 65 22 158 167 469 26 159 176 84 277 158 166 442 276 147 172 206 121 53 58 171 333 182 24 468 83 110 44 492 347 227 130 
243 105 56 26 529 151 65 25 208 359 55 32 538 395 62 24 177 6 144 162 489 49 142 160 129 255 157 171 504 285 152 166 145 96 211 111 93 313 143 66 535 28 44 137 384 334 189 96 
194 104 56 26 490 152 55 26 159 385 57 23 499 392 55 26 147 12 131 155 451 56 137 158 98 279 137 164 469 293 138 164 142 103 92 95 33 305 154 25 502 21 84 105 455 394 143 58 
216 140 68 31 506 133 70 28 191 364 60 27 517 351 64 26 170 51 145 156 475 49 139 148 121 283 145 144 492 263 140 157 46 110 164 81 14 402 323 63 409 25 120 155 476 319 69 138 
212 145 72 26 492 137 83 24 184 362 65 30 513 354 64 33 175 37 137 174 476 40 134 160 122 262 147 159 490 253 146 162 105 141 215 61 188 321 37 126 487 152 145 70 471 291 60 103 
208 170 55 22 495 156 73 29 177 381 60 30 508 376 65 29 143 27 155 198 453 17 154 199 99 255 159 186 477 250 152 189 141 88 132 39 44 294 168 24 414 110 250 75 433 371 163 65 
195 163 66 28 480 149 81 35 154 381 69 33 489 368 79 34 132 28 154 190 441 32 155 175 89 259 159 179 464 256 152 173 85 62 139 75 103 309 75 118 522 84 80 69 540 407 155 58 
186 209 79 26 456 210 78 29 177 426 66 29 451 411 68 31 145 105 145 136 415 110 157 130 138 329 129 144 425 320 144 140 257 76 100 110 166 277 48 130 372 71 328 115 541 302 103 42 
207 174 62 33 484 183 77 32 180 406 53 30 500 387 63 33 151 61 145 166 437 75 156 160 115 288 142 170 458 275 152 164 147 83 109 75 145 322 68 76 470 100 161 28 582 399 129 25 
154 186 63 27 446 189 55 31 128 402 51 30 453 387 53 30 106 64 148 165 403 73 148 164 76 288 138 162 425 268 144 168 163 20 65 144 47 362 198 33 458 24 100 48 547 329 133 116 
142 174 63 30 433 182 65 30 120 395 51 31 443 380 56 28 94 57 151 166 405 66 141 166 75 279 133 163 415 270 144 159 15 119 142 112 110 317 222 123 625 78 68 81 506 298 161 73 
237 146 55 29 540 145 47 19 203 387 47 26 546 387 61 21 177 38 143 169 480 35 151 161 130 280 147 159 510 276 150 166 91 180 128 32 101 433 209 43 472 55 163 77 476 317 69 98 
202 148 48 26 495 141 55 26 166 388 51 29 502 383 66 23 149 41 137 169 446 37 146 160 103 281 135 172 482 270 127 174 162 152 107 49 61 243 24 26 462 4 136 69 485 325 184 55 
225 165 48 18 522 179 54 18 179 385 58 21 537 397 55 23 184 54 135 160 497 64 127 159 142 273 129 160 524 283 129 161 176 116 100 53 111 333 88 76 416 72 304 120 488 300 96 89 
215 167 63 37 512 182 56 33 180 387 63 34 517 403 62 33 172 53 147 176 485 70 137 162 146 270 128 177 497 285 146 175 117 127 188 47 258 347 24 28 389 23 116 84 513 328 200 67 
269 152 57 21 571 160 54 16 244 371 51 25 573 364 65 16 225 38 131 174 522 41 142 168 186 260 140 164 542 255 145 161 124 94 127 55 136 350 125 80 505 112 59 63 393 378 241 93 
226 163 57 16 519 165 57 16 202 376 54 21 526 367 55 19 181 29 146 180 480 41 151 172 154 262 139 160 501 251 138 166 51 52 162 129 179 351 73 39 443 135 129 96 369 278 116 110 
247 160 53 11 533 182 57 19 226 399 44 12 538 401 52 17 206 44 134 157 508 71 129 154 187 286 120 150 516 277 129 163 23 67 27 82 42 249 264 74 432 16 168 117 640 312 31 54 
244 167 61 17 530 190 62 20 220 406 53 16 543 408 55 19 204 51 129 162 506 72 124 162 180 295 121 151 504 285 137 171 111 51 100 148 34 296 152 89 405 68 132 155 390 397 134 32 
169 99 56 26 471 110 55 30 136 361 55 26 482 360 65 32 122 1 139 165 438 1 139 167 84 256 126 161 462 249 136 167 182 5 168 175 4 346 139 30 489 85 72 64 426 316 226 76 
159 117 69 18 462 128 63 21 123 377 66 25 482 378 57 26 107 1 146 173 425 13 139 165 76 257 138 171 454 259 137 172 134 117 129 60 210 286 90 108 573 101 80 84 403 353 126 74 
173 182 53 28 467 194 55 31 145 398 51 29 475 400 54 30 104 52 165 187 428 63 147 178 78 272 150 186 450 269 146 192 138 87 217 70 96 323 120 26 469 101 129 35 387 329 319 58 
163 179 60 25 461 188 57 29 128 397 69 22 469 398 60 24 100 52 158 181 427 61 148 179 67 269 150 181 440 275 149 178 189 118 44 113 159 328 30 131 492 34 185 37 471 273 109 55 
156 169 59 15 458 191 55 14 125 378 55 22 476 366 52 22 116 62 129 159 427 92 131 146 67 279 131 151 453 272 130 144 153 39 94 77 207 297 58 106 438 77 123 77 511 348 107 121 
157 191 63 21 452 204 65 17 126 406 59 19 463 418 63 13 103 87 144 153 421 94 136 146 65 295 144 162 436 302 143 167 110 76 107 61 147 351 28 94 532 104 103 133 399 288 69 139 
206 176 55 26 489 181 62 18 175 392 49 23 504 380 54 21 150 61 147 173 455 66 143 166 103 285 148 159 475 265 142 169 258 42 42 137 97 295 157 72 540 44 110 86 490 325 52 95 
207 196 46 25 496 193 54 22 176 406 41 21 508 391 48 25 147 78 146 159 452 75 148 162 99 292 148 163 468 277 148 166 39 166 151 26 153 314 32 108 568 62 61 89 550 310 37 65 
177 158 68 20 482 168 59 19 150 374 49 24 490 395 63 26 119 38 149 174 429 49 148 167 85 261 142 166 455 277 144 173 86 85 138 38 86 270 104 79 515 73 145 116 570 345 38 80 
169 167 52 28 459 171 65 30 133 387 62 27 471 403 61 30 103 49 159 169 417 43 142 183 66 262 152 178 441 277 146 179 90 41 53 58 66 263 157 66 385 84 35 84 375 328 97 112 
161 87 64 23 459 84 63 21 141 308 50 25 473 346 63 28 107 3 139 140 418 1 139 137 80 241 128 134 455 248 129 154 144 90 91 66 189 348 86 66 476 42 159 38 569 299 34 118 
186 133 56 13 471 130 76 14 152 351 57 18 489 391 69 13 145 8 128 172 448 13 134 163 96 248 129 152 483 272 122 167 182 109 70 129 15 354 106 124 457 61 134 49 456 368 128 49 
159 153 58 17 453 161 61 18 122 386 48 21 482 388 56 26 117 34 121 164 420 50 136 151 69 279 128 151 445 282 132 154 189 32 110 124 2 314 170 60 508 57 180 113 388 253 134 96 
125 107 65 24 432 117 53 25 91 344 55 26 447 353 61 19 103 10 134 148 415 17 129 150 66 248 114 147 451 250 114 149 206 70 76 67 122 314 185 56 508 93 73 107 403 363 206 106 
276 154 52 21 561 162 67 20 232 381 52 22 566 388 70 23 200 31 147 175 500 33 152 178 148 258 145 173 515 262 164 179 94 97 85 119 121 284 30 91 444 113 177 85 685 323 30 88 
247 127 58 24 534 128 73 28 205 351 63 33 552 359 66 26 183 17 147 167 484 17 156 171 128 248 155 164 512 254 156 162 117 135 220 29 209 293 58 81 510 54 189 55 443 299 139 87 
204 165 61 33 478 149 77 27 179 390 59 31 481 391 79 30 128 43 172 189 431 24 168 188 106 263 159 194 443 266 177 188 99 45 217 87 15 305 45 103 543 74 96 163 571 273 103 133 
194 194 55 26 484 175 61 21 172 414 53 24 484 417 66 23 125 61 159 179 424 45 172 180 75 290 176 181 451 277 163 193 92 122 124 68 182 272 177 114 381 73 217 46 450 277 144 71 
176 162 55 18 450 159 65 27 152 371 68 27 443 378 67 22 119 22 162 196 411 27 159 188 80 253 168 178 421 248 175 188 75 17 109 26 177 292 169 68 581 151 27 48 398 260 226 64 
179 181 58 26 434 182 91 26 152 390 77 34 434 402 72 28 102 26 174 210 390 26 181 204 83 256 168 193 401 255 181 201 194 37 69 108 37 369 212 72 524 124 164 96 455 350 40 102 
184 133 77 26 479 136 79 29 148 362 72 33 492 401 79 23 133 40 149 151 442 49 152 140 96 274 141 147 473 304 146 151 131 167 41 52 9 310 156 114 560 116 33 96 462 350 126 54 
183 139 68 25 480 145 72 23 145 373 60 24 510 406 60 28 135 49 143 139 448 59 141 130 93 279 137 139 475 318 145 139 122 110 206 58 133 329 176 33 510 139 126 65 469 259 134 42 
244 145 65 26 515 145 86 28 217 386 65 33 516 385 73 24 179 49 163 155 483 53 160 151 166 288 147 157 489 287 171 154 149 59 183 40 221 320 67 67 429 100 111 127 384 350 80 122 
203 147 70 30 480 149 76 28 182 390 63 30 483 385 72 28 149 36 164 173 447 54 163 151 131 292 155 158 467 277 151 163 111 65 53 89 87 330 174 44 530 52 176 148 557 291 74 112 
175 96 55 25 445 112 63 24 163 341 53 28 445 340 56 18 125 7 135 137 406 4 141 154 101 244 136 148 418 241 137 143 128 5 39 115 74 321 148 88 580 15 126 102 477 312 223 95 
117 47 76 26 396 59 75 29 114 295 68 30 401 281 70 33 87 1 140 122 371 1 143 130 69 244 141 111 379 241 142 109 39 99 202 39 53 393 251 73 470 44 101 156 361 252 25 174 
207 122 58 25 508 147 65 16 166 372 66 21 536 372 51 22 162 27 145 136 475 44 149 137 122 276 142 132 498 272 148 137 36 81 177 77 181 354 169 56 515 89 64 138 411 364 69 47 
209 135 59 18 517 152 66 19 172 378 53 20 544 376 57 25 163 33 147 137 486 49 138 136 123 277 138 139 515 274 133 137 94 107 97 126 82 323 150 41 576 113 75 79 447 388 201 74 
154 165 56 22 431 172 70 25 135 382 49 23 445 397 64 26 85 71 155 139 388 78 150 135 67 292 149 137 401 294 155 148 144 84 200 114 83 338 73 124 529 73 149 161 455 307 231 114 
149 144 54 26 432 154 70 24 126 366 56 25 453 382 57 26 100 40 145 159 403 56 149 148 71 258 148 159 414 274 141 157 176 79 161 98 125 322 213 95 526 78 163 70 490 303 149 98 
231 65 59 31 520 92 63 21 200 321 55 26 527 313 71 23 167 1 144 128 469 1 163 145 121 241 149 142 489 244 156 123 46 78 188 86 151 326 64 129 508 75 181 127 399 336 188 119 
224 94 55 22 511 110 63 25 201 339 55 30 515 337 58 22 172 6 154 137 463 6 158 159 128 245 157 147 485 244 153 143 1 112 309 86 25 306 155 63 460 115 211 51 369 321 261 58 
210 98 65 18 515 112 82 26 172 341 58 26 547 346 70 27 130 14 159 142 455 38 157 133 91 262 147 135 497 270 137 130 219 90 134 68 237 303 107 163 609 84 59 63 485 314 73 51 
180 117 64 27 482 136 63 25 143 360 59 32 501 368 63 23 128 27 151 148 451 40 144 151 96 271 137 146 473 274 155 148 70 116 212 105 80 356 100 75 442 122 136 92 554 271 74 139 
212 135 65 22 510 122 70 26 179 355 72 24 522 355 69 24 146 29 150 167 463 27 157 156 116 255 149 160 490 258 151 154 205 48 70 40 101 360 234 43 524 53 42 108 365 246 216 120 
209 181 55 18 499 170 60 18 180 395 60 22 519 401 57 19 151 57 140 167 453 47 153 167 120 276 148 167 485 277 147 168 42 32 241 102 165 377 114 62 468 27 133 92 515 305 29 86 
175 147 44 25 476 155 53 22 128 382 62 17 504 381 55 29 127 57 129 144 443 63 133 143 76 293 137 139 479 284 128 152 89 77 68 124 42 352 280 125 470 87 130 60 509 388 167 54 
172 167 46 22 477 175 55 22 129 393 53 27 509 390 51 28 115 75 133 139 429 80 136 139 80 315 122 127 476 299 126 143 202 79 73 120 71 279 140 37 387 58 165 33 418 243 291 117 
260 172 62 23 573 181 63 21 213 388 58 27 598 389 55 20 202 63 140 163 514 71 159 157 150 284 150 161 550 274 155 166 108 64 184 164 68 299 207 65 464 45 234 78 457 329 164 47 
217 139 67 29 531 149 76 25 180 363 69 27 562 357 67 25 193 56 144 147 512 57 151 148 139 277 153 144 541 276 150 140 136 61 125 120 95 405 155 73 422 169 152 63 508 378 201 92 
217 121 55 25 515 163 61 16 180 376 48 20 537 423 51 23 157 28 148 140 476 64 143 139 119 277 136 149 507 322 137 144 188 36 73 94 122 287 64 126 364 31 152 111 493 335 44 108 
212 134 58 26 505 167 64 24 173 380 60 30 521 428 62 28 145 31 149 150 460 64 148 147 101 282 145 151 490 323 144 152 155 64 28 129 55 256 221 90 396 37 90 57 562 289 27 153 
247 152 57 26 524 149 74 27 224 344 53 29 537 388 68 26 191 34 139 172 486 29 142 173 158 253 137 148 506 266 140 177 37 81 227 63 49 315 90 112 437 48 212 55 381 311 159 94 
229 163 51 18 510 159 55 16 207 355 48 19 515 392 58 16 178 47 141 162 473 41 134 163 147 253 134 145 492 270 133 167 35 59 136 161 67 300 151 160 453 96 146 39 502 335 139 77 
284 160 48 28 587 166 55 26 242 401 48 25 599 397 60 26 233 77 122 128 556 80 116 125 202 321 109 121 570 306 125 129 153 82 136 40 56 341 97 118 382 4 242 98 517 278 115 178 
241 119 56 26 548 111 62 25 202 357 44 28 571 388 63 26 203 34 124 126 527 25 116 128 159 270 111 132 553 288 115 144 32 53 103 136 183 410 144 43 595 89 121 56 447 329 86 56 
219 101 61 30 520 101 63 32 186 344 56 32 530 341 61 28 165 8 144 155 481 6 147 157 123 251 144 152 504 246 137 151 49 55 170 77 49 307 125 101 378 99 145 45 425 307 98 99 
210 82 58 19 512 79 66 22 169 323 61 23 527 316 68 21 154 9 148 151 476 6 140 153 114 248 132 153 506 243 139 152 29 82 206 150 151 328 130 107 554 68 24 62 397 327 319 94 
138 172 50 26 438 166 65 27 112 388 53 31 469 401 55 26 84 56 148 167 409 61 145 152 61 280 131 165 446 280 141 165 240 85 73 125 97 307 142 40 384 97 165 43 414 268 41 71 
161 191 59 26 476 187 55 22 123 406 67 28 497 420 52 19 106 84 154 148 429 84 143 144 71 295 139 156 462 318 141 139 251 91 56 81 224 299 33 155 535 5 65 233 574 349 116 116 
211 140 54 21 512 137 48 22 180 380 51 18 519 362 48 24 166 19 134 165 463 15 152 166 125 255 137 166 486 248 139 160 178 113 169 63 155 331 170 74 430 93 77 58 475 286 69 150 
238 141 57 20 540 143 52 17 209 382 45 16 541 368 59 24 191 15 140 167 494 17 149 165 152 258 134 161 520 251 139 160 131 86 32 113 86 336 104 31 501 61 193 66 440 321 157 90 
209 147 48 24 508 143 51 26 177 378 49 24 516 383 61 26 143 17 158 184 457 24 152 180 105 256 157 177 489 258 153 184 73 9 131 85 34 276 324 117 490 62 218 69 499 380 173 38 
230 138 58 26 539 137 53 22 200 369 56 25 559 378 50 21 163 22 157 169 483 28 155 163 127 252 150 171 506 261 163 174 255 39 81 58 181 306 128 84 433 39 41 185 367 294 197 138 
234 137 70 21 508 177 70 23 216 385 69 26 503 374 66 25 171 26 166 166 455 66 171 164 148 274 166 164 455 270 166 159 255 73 31 79 55 381 177 70 502 52 144 87 553 310 30 82 
185 117 78 25 460 154 67 25 193 368 59 22 443 357 71 19 120 8 168 169 392 12 178 202 97 249 178 174 401 248 158 169 179 108 163 47 210 327 49 95 490 38 180 71 510 327 62 77 
216 95 56 19 503 129 55 22 188 344 57 21 502 344 57 23 173 4 141 149 455 15 156 170 133 245 139 154 480 241 147 165 215 71 90 69 16 242 232 201 570 68 113 100 478 346 84 63 
207 137 55 34 490 145 56 29 187 359 47 30 504 373 51 33 150 22 158 174 450 24 160 174 132 253 145 160 468 256 153 173 47 97 110 124 57 277 101 90 496 98 29 89 506 299 84 35 
160 157 51 20 466 150 56 29 128 382 48 31 492 371 51 26 124 57 129 153 451 64 129 143 92 281 123 156 480 274 127 147 22 196 177 35 59 350 147 36 564 57 32 101 554 268 27 118 
157 154 45 25 462 155 51 22 127 384 43 26 484 373 52 23 96 66 137 146 426 70 125 137 62 297 132 143 458 277 130 152 159 73 47 86 204 276 99 120 446 171 263 44 462 340 254 86 
231 114 51 21 519 117 74 20 194 355 57 20 533 351 66 24 187 13 141 156 492 19 141 150 145 256 131 150 512 252 148 154 31 102 176 66 163 351 175 98 430 132 104 96 390 331 185 37 
249 125 58 32 540 131 64 26 207 365 51 31 551 367 62 26 198 22 139 162 509 26 145 159 159 262 132 159 529 255 143 169 129 84 151 44 108 314 136 49 375 32 63 130 479 311 89 62 
236 136 69 19 519 134 70 20 212 379 70 25 512 366 74 26 191 17 151 174 488 14 151 171 158 263 147 172 493 249 151 178 97 149 143 27 83 307 84 118 475 10 189 64 657 335 52 37 
226 149 59 26 506 151 74 26 202 398 57 21 510 387 60 25 175 33 153 176 478 22 151 185 147 274 142 176 492 260 146 183 131 65 80 100 155 299 33 48 542 133 118 31 441 274 171 83 
242 160 55 26 550 167 51 23 209 399 51 30 562 403 52 30 194 37 139 181 501 34 153 185 147 277 137 179 528 270 147 185 147 59 146 33 19 299 196 89 412 16 116 116 419 286 180 132 
240 164 51 17 538 168 56 15 202 403 49 19 550 403 60 19 192 36 137 171 495 37 153 172 140 279 141 164 524 269 144 178 33 132 166 94 35 361 168 95 445 139 217 97 489 338 174 33 
230 159 53 26 520 159 74 29 202 402 48 30 538 391 65 34 183 62 133 143 489 71 138 135 135 313 136 135 517 297 130 144 200 41 107 76 189 346 51 102 473 23 118 87 419 312 267 94 
157 158 70 37 455 153 76 42 132 402 57 38 476 388 67 41 114 74 128 140 415 71 139 138 61 318 137 139 448 295 129 151 101 199 169 35 45 345 148 33 566 104 142 42 524 361 74 49 
244 167 63 18 541 136 65 20 205 388 55 27 561 429 56 25 206 61 128 145 513 57 129 120 180 323 112 109 537 350 131 122 137 52 68 110 108 323 113 100 385 74 233 86 497 262 98 128 
261 167 63 31 555 152 73 25 209 399 73 33 564 418 75 34 221 94 127 129 535 85 125 117 187 357 122 99 547 374 132 102 96 139 198 68 29 333 184 144 529 31 38 129 412 279 144 110 
208 139 55 22 523 139 55 25 158 383 55 26 552 380 57 23 171 34 129 158 504 41 128 144 120 278 121 156 538 270 134 157 153 4 171 48 6 341 69 103 399 21 247 66 397 406 184 29 
220 134 55 20 530 134 59 24 172 374 48 26 559 371 58 29 174 32 131 150 502 31 137 152 113 276 133 150 538 267 144 159 131 117 154 35 87 355 63 112 461 115 209 100 566 335 99 69 
244 162 53 26 537 179 61 25 212 376 53 28 552 388 53 30 191 71 149 146 507 92 140 141 155 295 144 139 519 300 152 148 112 26 78 128 84 328 183 46 454 28 111 197 455 297 138 128 
260 152 48 26 556 164 52 33 226 367 49 26 560 378 61 31 203 57 141 153 512 74 147 152 156 281 151 149 536 289 142 151 41 32 145 147 114 247 103 132 369 41 184 87 433 377 243 43 
255 160 55 26 549 145 63 29 217 388 47 22 564 403 61 29 185 36 138 174 494 29 143 166 150 272 131 163 519 277 144 174 213 98 62 61 6 325 209 35 557 81 147 79 423 309 78 95 
194 130 62 26 495 115 65 26 159 361 55 21 515 368 70 28 149 54 138 125 469 41 133 122 114 276 124 130 501 296 127 122 167 168 34 26 105 359 25 68 513 85 39 76 523 318 67 43 
183 152 69 26 487 144 62 23 152 385 63 24 503 390 65 33 133 35 144 166 455 29 137 156 98 262 137 169 480 264 143 179 24 33 187 125 56 365 296 42 520 94 67 94 476 286 161 52 
191 138 61 29 490 125 68 33 154 368 65 33 510 385 61 28 154 26 136 169 473 26 136 161 119 254 127 174 494 260 154 179 159 69 56 81 59 348 279 94 391 19 39 150 453 302 70 118 
212 154 51 23 508 172 56 18 179 400 56 17 522 401 62 23 161 34 133 165 468 49 139 165 123 277 129 168 497 277 133 172 34 69 163 96 212 332 66 74 402 39 188 38 470 380 146 59 
202 147 64 27 498 161 61 26 175 388 56 28 513 385 66 30 150 27 136 175 458 40 140 180 111 270 138 177 490 263 135 179 10 66 246 137 230 314 111 69 377 85 316 94 396 311 230 68 
161 167 57 32 457 168 56 25 146 403 52 25 468 404 55 28 99 34 162 189 408 33 155 185 89 275 137 180 431 272 147 186 171 85 152 69 96 264 170 97 475 58 66 101 486 287 149 80 
186 162 55 27 481 161 62 21 159 392 59 25 490 394 65 29 121 35 158 182 436 34 149 174 100 272 146 173 459 270 144 181 161 89 53 122 92 335 30 135 506 69 167 89 382 329 148 34 
219 169 60 15 519 178 59 16 188 394 54 23 541 409 53 17 179 54 130 148 483 71 140 139 149 293 122 138 517 295 123 145 127 56 24 138 80 349 87 65 494 130 121 25 387 270 140 106 
182 153 60 22 489 159 54 24 152 381 46 23 510 385 55 21 147 33 132 169 462 42 124 163 107 263 132 165 487 260 127 173 116 110 180 47 189 275 95 113 388 90 128 140 565 268 41 116 
219 144 45 14 523 150 55 17 177 371 46 23 547 387 56 19 178 39 127 154 497 35 124 162 122 272 129 150 533 275 128 158 20 105 119 80 60 352 202 78 423 178 96 30 412 346 184 43 
237 137 51 23 541 145 59 24 196 367 51 22 568 383 48 25 186 34 132 151 500 50 137 139 140 270 129 143 545 285 123 143 97 76 161 100 95 419 79 46 431 85 44 105 617 400 44 57 
217 124 48 25 517 121 61 20 175 360 49 26 539 378 60 28 173 22 123 160 485 33 129 144 122 267 123 148 522 285 116 147 134 128 146 72 252 318 26 46 517 70 91 55 468 299 81 110 
222 108 55 25 524 105 62 21 180 345 50 27 544 366 55 23 173 20 130 149 493 25 133 140 122 264 130 144 516 272 142 150 155 70 26 77 22 334 300 83 463 117 82 85 539 291 134 65 
224 161 56 31 537 152 57 23 188 398 49 22 556 407 63 26 184 57 123 161 507 51 127 154 138 299 115 153 534 300 137 157 122 153 121 27 20 315 257 32 470 26 74 37 582 315 52 59 
212 161 56 26 523 151 59 26 172 392 55 28 545 403 59 29 161 63 134 151 487 55 130 148 120 293 120 157 519 302 134 156 54 96 170 108 168 309 176 35 446 149 175 35 435 317 176 77 
157 141 66 23 452 142 60 20 150 366 61 24 453 390 56 25 124 31 139 162 427 34 137 159 114 256 137 163 427 273 142 165 105 79 167 78 93 351 140 59 548 67 73 137 466 433 150 41 
170 140 55 27 458 147 63 18 161 369 52 26 460 397 61 21 120 26 135 171 416 27 145 167 103 253 136 169 427 260 135 184 169 101 67 77 165 404 43 47 526 50 62 107 474 355 201 44 
214 137 51 22 504 147 55 20 177 368 55 27 508 374 62 21 161 32 137 153 453 39 137 151 120 269 139 150 469 265 145 153 82 109 162 67 137 291 71 62 513 12 166 80 367 267 135 32 
166 81 70 26 458 83 70 29 147 317 59 20 463 314 73 24 118 9 149 124 422 10 142 126 93 248 142 114 437 245 149 122 211 91 116 87 57 322 97 98 539 71 145 121 517 379 57 70 
230 158 49 18 512 146 60 22 216 383 53 22 508 373 52 18 179 26 142 181 476 24 135 170 166 260 136 175 479 254 145 166 176 81 48 57 108 331 140 66 449 76 152 47 463 326 132 80 
178 145 44 22 466 138 46 18 172 373 33 26 469 360 42 27 123 20 133 178 423 20 136 166 118 253 126 169 434 251 134 162 204 5 74 158 22 346 210 60 470 105 145 49 538 371 67 34 
189 170 56 20 483 170 60 23 177 404 51 26 488 411 48 23 159 50 144 170 460 48 144 169 148 279 129 178 471 281 140 179 24 34 172 122 58 381 102 74 500 82 171 67 569 298 95 145 
167 194 43 26 448 194 53 26 153 428 48 30 452 434 47 25 120 76 143 158 409 85 145 150 104 313 144 167 422 322 137 158 99 80 117 67 213 297 56 120 503 3 123 89 487 343 127 32 
196 107 48 25 505 132 52 23 173 359 43 25 515 352 57 27 155 16 117 143 468 29 119 149 128 259 116 149 494 257 114 144 6 87 137 141 34 263 247 77 387 50 47 120 483 401 74 63 
254 122 43 22 564 144 41 23 224 379 42 18 571 365 48 20 198 22 122 150 519 45 120 144 177 269 123 151 537 262 131 147 114 114 66 59 240 323 115 55 364 54 281 124 540 370 139 32 
221 149 51 25 521 151 59 27 179 382 46 26 534 387 55 31 175 26 127 168 485 26 130 172 128 258 131 171 508 265 131 174 94 48 154 130 63 347 146 59 415 143 146 30 401 318 72 113 
210 148 55 26 512 152 60 26 177 385 46 27 531 390 55 30 172 27 129 170 477 29 133 172 128 260 125 172 506 268 130 170 277 75 76 104 177 322 115 35 456 49 87 87 525 265 184 67 
173 151 49 33 457 159 67 23 141 403 48 30 475 394 52 26 106 34 141 159 413 43 137 151 74 294 133 151 434 276 129 157 90 70 158 44 137 349 75 33 396 80 71 54 471 375 203 95 
172 126 55 25 467 130 59 24 139 380 50 23 484 367 57 24 106 18 141 156 425 13 136 161 66 269 132 158 455 262 127 155 27 96 296 72 95 387 43 58 490 104 102 70 562 313 61 70 
172 134 62 36 455 130 76 32 162 381 58 33 456 371 70 33 91 27 173 183 402 21 162 178 76 274 167 174 409 262 171 175 118 49 130 86 143 361 210 100 532 29 161 67 519 300 105 104 
233 123 63 28 526 115 65 31 214 366 60 33 536 359 58 26 178 17 156 173 483 33 159 148 150 262 145 172 508 249 152 168 2 10 286 126 63 338 202 24 500 58 72 50 451 348 105 87 
198 156 53 20 480 134 57 23 186 366 51 18 482 366 51 28 150 22 151 178 443 15 159 166 125 250 165 161 455 248 154 168 117 13 81 125 9 321 43 99 421 132 131 69 500 357 88 44 
200 131 60 19 491 111 60 20 187 339 60 29 489 351 58 14 150 14 145 160 446 10 150 141 128 247 147 138 458 246 145 140 174 8 39 158 101 347 33 129 432 123 86 63 483 415 141 35 
226 119 44 16 515 142 55 15 213 383 39 17 512 381 55 18 136 12 149 162 427 19 163 175 121 259 140 181 437 264 166 174 204 45 43 89 94 272 92 156 433 153 222 87 555 378 132 100 
161 122 56 19 457 118 53 21 145 359 49 19 457 351 58 22 101 10 155 165 397 8 163 159 69 247 167 158 416 245 161 155 145 107 82 26 151 288 42 130 496 35 94 132 448 326 113 109 
199 159 61 23 486 165 61 20 175 365 53 26 487 383 64 22 129 34 157 179 431 33 156 182 101 248 152 172 450 250 157 186 91 124 179 54 204 360 112 94 446 116 53 42 525 354 117 25 
207 167 58 19 490 169 65 20 180 369 56 23 502 389 59 19 150 38 140 173 439 38 146 174 120 252 144 162 460 256 150 176 61 94 217 66 100 354 161 99 406 108 234 45 417 343 159 64 
239 143 55 21 536 133 55 25 211 374 48 22 545 366 58 31 177 25 150 168 483 17 150 170 138 258 150 169 508 249 151 175 140 71 86 28 124 352 125 35 454 136 230 28 504 335 161 80 
229 170 53 25 515 160 60 26 193 403 62 22 519 397 59 21 175 30 152 185 474 24 151 181 142 269 144 177 493 262 151 181 122 80 223 70 72 325 180 86 485 111 59 82 512 316 178 82 
139 177 51 18 417 161 56 20 113 400 60 20 429 388 53 24 105 33 133 199 399 21 123 189 74 265 138 185 414 255 128 185 172 60 152 33 38 323 202 84 646 90 56 117 475 388 121 72 
168 168 65 30 456 154 66 30 149 392 66 25 473 384 53 27 133 38 137 189 427 26 131 188 105 266 133 182 443 259 127 184 251 54 88 157 128 333 173 26 505 73 99 71 439 307 169 34 
178 141 55 18 484 134 52 21 150 382 54 17 494 379 66 19 121 33 144 150 432 34 145 142 86 270 138 150 467 274 131 148 145 39 202 25 176 268 51 133 473 50 220 133 517 400 81 57 
157 149 62 24 461 137 63 25 128 383 63 27 474 384 55 21 125 42 137 153 437 28 137 159 92 277 134 156 462 273 129 159 222 22 57 122 160 274 149 107 619 83 99 115 424 356 202 108 
235 136 55 18 529 146 59 18 209 359 55 23 538 374 53 16 205 17 138 164 507 29 133 160 179 251 138 157 520 257 132 161 96 106 94 43 16 345 176 109 496 27 77 142 396 308 187 134 
208 128 59 18 512 137 51 21 184 356 56 22 517 364 58 22 178 18 135 150 482 26 129 153 150 245 135 156 495 255 129 154 180 62 62 106 174 330 126 80 441 41 95 151 389 280 163 54 
259 100 50 29 561 122 44 21 221 320 48 30 576 316 57 19 208 8 131 148 523 12 129 161 176 248 119 130 546 248 135 120 106 61 158 145 75 316 203 112 477 86 116 43 385 397 155 62 
234 140 54 24 535 163 54 24 194 360 51 23 557 363 49 20 186 23 133 170 496 31 130 182 150 248 125 161 525 252 126 158 189 68 24 98 72 338 164 107 431 85 251 80 596 412 92 55 
244 161 58 30 530 184 62 29 209 369 63 29 532 376 66 32 193 33 139 181 488 56 140 179 159 255 128 169 511 255 132 174 131 106 127 42 105 281 167 75 526 100 181 54 470 348 130 117 
235 168 57 26 512 189 70 25 204 380 54 23 519 383 63 25 180 38 141 176 482 56 131 179 149 255 132 171 493 258 140 171 144 80 61 65 26 311 322 79 439 76 125 54 444 423 138 24 
194 162 61 24 482 163 64 26 176 366 58 26 489 382 71 26 150 44 145 177 448 49 151 174 114 256 146 171 470 261 158 181 105 57 246 50 94 338 154 37 591 42 70 184 498 277 61 113 
174 159 62 22 461 159 66 24 156 362 55 26 478 379 54 21 124 38 150 180 427 50 148 167 98 255 141 166 453 270 144 168 248 172 81 68 8 257 157 25 464 67 72 125 377 260 330 95 
140 142 65 22 449 152 59 27 110 358 58 33 472 373 65 28 106 34 128 160 418 51 123 152 68 263 127 151 453 269 120 159 80 110 76 112 147 257 156 136 509 93 133 40 456 329 179 40 
162 126 50 25 458 145 58 18 123 352 55 22 484 342 64 20 112 26 125 153 418 37 125 152 67 252 129 149 453 248 123 145 135 111 80 59 2 343 169 93 363 55 138 56 512 341 47 123 
173 184 51 23 458 196 66 25 149 404 54 28 474 411 57 25 135 54 140 177 431 78 139 162 105 277 142 175 458 292 140 168 43 76 45 67 146 322 82 58 470 88 218 139 374 293 157 123 
176 193 60 19 468 205 61 18 156 413 51 22 481 423 50 17 140 64 150 166 440 79 140 161 108 290 143 165 459 299 137 160 37 41 47 123 174 307 141 61 494 70 51 119 436 303 131 28 
200 148 51 30 501 159 57 31 150 387 63 33 525 392 58 28 157 39 138 159 471 43 137 166 117 274 129 160 506 270 139 169 21 71 150 128 229 327 41 55 444 76 43 44 568 243 116 105 
210 143 49 32 513 157 49 31 173 382 44 27 534 385 52 30 158 34 148 161 475 41 140 168 120 268 137 165 503 270 144 166 96 92 159 28 127 379 173 48 538 18 174 180 402 270 33 133 
191 121 51 24 494 130 57 24 154 358 53 26 517 362 56 25 145 12 133 159 460 13 133 166 104 251 132 155 494 252 129 162 17 58 122 126 32 340 114 102 532 3 137 134 444 242 207 33 
204 105 48 18 508 116 52 15 163 341 48 21 535 351 54 17 148 12 130 142 470 12 124 149 101 251 127 141 504 248 124 147 122 86 68 69 189 351 159 92 388 116 248 93 467 378 170 69 
209 142 51 18 510 122 46 20 177 368 39 24 528 359 53 22 131 37 143 154 442 18 137 156 96 270 131 151 468 256 144 157 46 98 72 128 105 339 115 28 404 148 307 35 436 251 172 42 
182 161 58 22 478 143 55 24 157 389 48 25 497 380 55 25 127 41 143 169 431 36 147 155 91 282 137 158 459 271 148 159 189 56 148 69 43 374 161 57 365 96 136 33 474 333 80 54 
198 149 65 30 468 133 72 30 187 373 61 29 469 364 60 29 138 11 166 199 436 10 149 185 119 250 146 184 450 250 139 178 72 23 140 200 118 314 28 110 455 97 107 87 575 337 51 134 
237 114 63 19 513 101 68 18 228 341 51 23 509 334 72 23 167 10 147 174 453 12 155 157 143 250 146 159 475 246 142 155 176 80 131 81 85 339 246 131 407 49 115 117 466 361 44 54 
